Delta,Time,CORE0_ENERGY (J),CORE0_FREQ (MHZ),CORE0_PSTATE,CORE0_VOLT (V),CORE1_ENERGY (J),CORE1_FREQ (MHZ),CORE1_PSTATE,CORE1_VOLT (V),CORE2_ENERGY (J),CORE2_FREQ (MHZ),CORE2_PSTATE,CORE2_VOLT (V),CORE3_ENERGY (J),CORE3_FREQ (MHZ),CORE3_PSTATE,CORE3_VOLT (V),CORE4_ENERGY (J),CORE4_FREQ (MHZ),CORE4_PSTATE,CORE4_VOLT (V),CORE5_ENERGY (J),CORE5_FREQ (MHZ),CORE5_PSTATE,CORE5_VOLT (V),CPU_ENERGY (J),CPU_FREQUENCY_0,CPU_FREQUENCY_1,CPU_FREQUENCY_10,CPU_FREQUENCY_11,CPU_FREQUENCY_2,CPU_FREQUENCY_3,CPU_FREQUENCY_4,CPU_FREQUENCY_5,CPU_FREQUENCY_6,CPU_FREQUENCY_7,CPU_FREQUENCY_8,CPU_FREQUENCY_9,CPU_USAGE_0,CPU_USAGE_1,CPU_USAGE_10,CPU_USAGE_11,CPU_USAGE_2,CPU_USAGE_3,CPU_USAGE_4,CPU_USAGE_5,CPU_USAGE_6,CPU_USAGE_7,CPU_USAGE_8,CPU_USAGE_9,TOTAL_MEMORY,TOTAL_SWAP,USED_MEMORY,USED_SWAP
0,1759360381437,9375.763626098633,3900,0,1.10625,9375.763626098633,3900,0,1.10625,4743.521484375,3120,0,0.9,4743.521484375,3120,0,0.9,10894.735809326172,3120,0,0.9,10894.735809326172,3120,0,0.9,8235.857208251953,1095,3557,3557,2943,3179,3502,1095,3280,2930,2848,1095,3557,78.94737243652344,18.421052932739258,10.526315689086914,5.555555820465088,5.263157844543457,5.263157844543457,2.702702760696411,8.108107566833496,2.702702760696411,5.405405521392822,5.405405521392822,97.36841583251953,32376995840,8589930496,2776465408,0
4,1759360381437,9375.766525268555,3875,0,1.1,9375.766525268555,3875,0,1.1,4743.524002075195,3875,0,1.1,4743.524002075195,3875,0,1.1,10894.736190795898,3100,0,0.9,10894.736190795898,3100,0,0.9,8235.87336730957,1095,3557,3557,2943,3179,3502,1095,3280,2930,2848,1095,3557,78.94737243652344,18.421052932739258,10.526315689086914,5.555555820465088,5.263157844543457,5.263157844543457,2.702702760696411,8.108107566833496,2.702702760696411,5.405405521392822,5.405405521392822,97.36841583251953,32376995840,8589930496,2776465408,0
4,1759360381442,9375.779678344727,3725,0,1.05,9375.779678344727,3725,0,1.05,4743.528625488281,2980,0,0.86875,4743.528625488281,2980,0,0.86875,10894.737823486328,2980,0,0.86875,10894.737823486328,2980,0,0.86875,8235.969131469727,1095,3557,3557,2943,3179,3502,1095,3280,2930,2848,1095,3557,78.94737243652344,18.421052932739258,10.526315689086914,5.555555820465088,5.263157844543457,5.263157844543457,2.702702760696411,8.108107566833496,2.702702760696411,5.405405521392822,5.405405521392822,97.36841583251953,32376995840,8589930496,2780053504,0
4,1759360381447,9375.791915893555,3600,0,1.01875,9375.791915893555,3600,0,1.01875,4743.532516479492,2880,0,0.85,4743.532516479492,2880,0,0.85,10894.738952636719,2880,0,0.85,10894.738952636719,2860,0,0.84375,8236.043365478516,1095,3557,3557,2943,3179,3502,1095,3280,2930,2848,1095,3557,78.94737243652344,18.421052932739258,10.526315689086914,5.555555820465088,5.263157844543457,5.263157844543457,2.702702760696411,8.108107566833496,2.702702760696411,5.405405521392822,5.405405521392822,97.36841583251953,32376995840,8589930496,2780053504,0
4,1759360381452,9375.803451538086,3525,0,1,9375.805587768555,3525,0,1,4743.534927368164,2820,0,0.8375,4743.534927368164,2820,0,0.8375,10894.740005493164,2800,0,0.83125,10894.740005493164,2800,0,0.83125,8236.11019897461,1095,3557,3557,2943,3179,3502,1095,3280,2930,2848,1095,3557,78.94737243652344,18.421052932739258,10.526315689086914,5.555555820465088,5.263157844543457,5.263157844543457,2.702702760696411,8.108107566833496,2.702702760696411,5.405405521392822,5.405405521392822,97.36841583251953,32376995840,8589930496,2784239616,0
4,1759360381457,9375.815994262695,3475,0,0.9875,9375.815994262695,3475,0,0.9875,4743.537292480469,2780,0,0.825,4743.537292480469,3450,0,0.9875,10894.741073608398,2760,0,0.825,10894.741073608398,2760,0,0.825,8236.176345825195,1095,3557,3557,2943,3179,3502,1095,3280,2930,2848,1095,3557,78.94737243652344,18.421052932739258,10.526315689086914,5.555555820465088,5.263157844543457,5.263157844543457,2.702702760696411,8.108107566833496,2.702702760696411,5.405405521392822,5.405405521392822,97.36841583251953,32376995840,8589930496,2783940608,0
4,1759360381462,9375.825820922852,3425,0,0.975,9375.825820922852,3400,0,0.975,4743.539596557617,3400,0,0.975,4743.539596557617,3400,0,0.975,10894.742004394531,2720,0,0.8125,10894.742004394531,2720,0,0.8125,8236.242218017578,1095,3557,3557,2943,3179,3502,1095,3280,2930,2848,1095,3557,78.94737243652344,18.421052932739258,10.526315689086914,5.555555820465088,5.263157844543457,5.263157844543457,2.702702760696411,8.108107566833496,2.702702760696411,5.405405521392822,5.405405521392822,97.36841583251953,32376995840,8589930496,2792013824,0
4,1759360381467,9375.834701538086,3325,0,0.94375,9375.834701538086,3325,0,0.94375,4743.541854858398,3325,0,0.95,4743.541854858398,3325,0,0.95,10894.744857788086,3325,0,0.95625,10894.744857788086,3325,0,0.95625,8236.310516357422,1095,3557,3557,2943,3179,3502,1095,3280,2930,2848,1095,3557,78.94737243652344,18.421052932739258,10.526315689086914,5.555555820465088,5.263157844543457,5.263157844543457,2.702702760696411,8.108107566833496,2.702702760696411,5.405405521392822,5.405405521392822,97.36841583251953,32376995840,8589930496,2792013824,0
4,1759360381472,9375.843460083008,3275,0,0.93125,9375.843460083008,3275,0,0.93125,4743.544128417969,3275,0,0.9375,4743.544128417969,3275,0,0.9375,10894.760940551758,3275,0,0.9375,10894.760940551758,3275,0,0.9375,8236.373031616211,1095,3557,3557,2943,3179,3502,1095,3280,2930,2848,1095,3557,78.94737243652344,18.421052932739258,10.526315689086914,5.555555820465088,5.263157844543457,5.263157844543457,2.702702760696411,8.108107566833496,2.702702760696411,5.405405521392822,5.405405521392822,97.36841583251953,32376995840,8589930496,2792013824,0
4,1759360381477,9375.851776123047,3225,0,0.91875,9375.851776123047,3225,0,0.91875,4743.546463012695,3225,0,0.925,4743.546463012695,3225,0,0.925,10894.776626586914,3225,0,0.925,10894.776626586914,3225,0,0.925,8236.438110351563,1095,3557,3557,2943,3179,3502,1095,3280,2930,2848,1095,3557,78.94737243652344,18.421052932739258,10.526315689086914,5.555555820465088,5.263157844543457,5.263157844543457,2.702702760696411,8.108107566833496,2.702702760696411,5.405405521392822,5.405405521392822,97.36841583251953,32376995840,8589930496,2792013824,0
4,1759360381482,9375.859893798828,3225,0,0.91875,9375.859893798828,3225,0,0.91875,4743.548721313477,2580,0,0.7875,4743.548721313477,2580,0,0.7875,10894.791885375977,3225,0,0.925,10894.791885375977,3225,0,0.925,8236.497085571289,1095,3557,3557,2943,3179,3502,1095,3280,2930,2848,1095,3557,78.94737243652344,18.421052932739258,10.526315689086914,5.555555820465088,5.263157844543457,5.263157844543457,2.702702760696411,8.108107566833496,2.702702760696411,5.405405521392822,5.405405521392822,97.36841583251953,32376995840,8589930496,2792247296,0
4,1759360381487,9375.867874145508,3225,0,0.91875,9375.867874145508,3225,0,0.91875,4743.550735473633,2580,0,0.7875,4743.550735473633,2580,0,0.7875,10894.807006835938,3225,0,0.925,10894.807006835938,3225,0,0.925,8236.556259155273,1095,3557,3557,2943,3179,3502,1095,3280,2930,2848,1095,3557,78.94737243652344,18.421052932739258,10.526315689086914,5.555555820465088,5.263157844543457,5.263157844543457,2.702702760696411,8.108107566833496,2.702702760696411,5.405405521392822,5.405405521392822,97.36841583251953,32376995840,8589930496,2792247296,0
4,1759360381492,9375.876678466797,3225,0,0.91875,9375.876678466797,3225,0,0.91875,4743.5526123046875,2580,0,0.7875,4743.5526123046875,2580,0,0.7875,10894.82194519043,3225,0,0.925,10894.82194519043,3225,0,0.925,8236.6162109375,1095,3557,3557,2943,3179,3502,1095,3280,2930,2848,1095,3557,78.94737243652344,18.421052932739258,10.526315689086914,5.555555820465088,5.263157844543457,5.263157844543457,2.702702760696411,8.108107566833496,2.702702760696411,5.405405521392822,5.405405521392822,97.36841583251953,32376995840,8589930496,2792247296,0
4,1759360381498,9375.885162353516,3250,0,0.925,9375.885162353516,3250,0,0.925,4743.554489135742,2600,0,0.79375,4743.554489135742,2600,0,0.79375,10894.836883544922,3250,0,0.93125,10894.836883544922,3250,0,0.93125,8236.671585083008,1095,3557,3557,2943,3179,3502,1095,3280,2930,2848,1095,3557,78.94737243652344,18.421052932739258,10.526315689086914,5.555555820465088,5.263157844543457,5.263157844543457,2.702702760696411,8.108107566833496,2.702702760696411,5.405405521392822,5.405405521392822,97.36841583251953,32376995840,8589930496,2792247296,0
4,1759360381503,9375.893447875977,3250,0,0.925,9375.893447875977,3250,0,0.925,4743.556442260742,2600,0,0.79375,4743.556442260742,2600,0,0.79375,10894.852127075195,3250,0,0.93125,10894.855194091797,3250,0,0.93125,8236.742172241211,1095,3557,3557,2943,3179,3502,1095,3280,2930,2848,1095,3557,78.94737243652344,18.421052932739258,10.526315689086914,5.555555820465088,5.263157844543457,5.263157844543457,2.702702760696411,8.108107566833496,2.702702760696411,5.405405521392822,5.405405521392822,97.36841583251953,32376995840,8589930496,2792247296,0
4,1759360381508,9375.901443481445,3225,0,0.91875,9375.901443481445,3225,0,0.91875,4743.558456420898,2580,0,0.7875,4743.558456420898,2580,0,0.7875,10894.867202758789,3225,0,0.925,10894.870193481445,3225,0,0.925,8236.803237915039,1095,3557,3557,2943,3179,3502,1095,3280,2930,2848,1095,3557,78.94737243652344,18.421052932739258,10.526315689086914,5.555555820465088,5.263157844543457,5.263157844543457,2.702702760696411,8.108107566833496,2.702702760696411,5.405405521392822,5.405405521392822,97.36841583251953,32376995840,8589930496,2792247296,0
4,1759360381513,9375.909469604492,3200,0,0.9125,9375.909469604492,3200,0,0.9125,4743.560440063477,2560,0,0.78125,4743.560440063477,2560,0,0.78125,10894.884963989258,3200,0,0.91875,10894.884963989258,3200,0,0.91875,8236.86311340332,1095,3557,3557,2943,3179,3502,1095,3280,2930,2848,1095,3557,78.94737243652344,18.421052932739258,10.526315689086914,5.555555820465088,5.263157844543457,5.263157844543457,2.702702760696411,8.108107566833496,2.702702760696411,5.405405521392822,5.405405521392822,97.36841583251953,32376995840,8589930496,2792247296,0
4,1759360381518,9375.917449951172,3225,0,0.91875,9375.917449951172,3225,0,0.91875,4743.563323974609,2580,0,0.7875,4743.563323974609,2580,0,0.7875,10894.899612426758,3225,0,0.925,10894.899612426758,3200,0,0.925,8236.921829223633,1095,3557,3557,2943,3179,3502,1095,3280,2930,2848,1095,3557,78.94737243652344,18.421052932739258,10.526315689086914,5.555555820465088,5.263157844543457,5.263157844543457,2.702702760696411,8.108107566833496,2.702702760696411,5.405405521392822,5.405405521392822,97.36841583251953,32376995840,8589930496,2792247296,0
4,1759360381523,9375.925338745117,3225,0,0.91875,9375.925338745117,3225,0,0.91875,4743.565231323242,2580,0,0.7875,4743.565231323242,2580,0,0.7875,10894.914260864258,3200,0,0.925,10894.914260864258,3200,0,0.91875,8236.98127746582,1095,3557,3557,2943,3179,3502,1095,3280,2930,2848,1095,3557,78.94737243652344,18.421052932739258,10.526315689086914,5.555555820465088,5.263157844543457,5.263157844543457,2.702702760696411,8.108107566833496,2.702702760696411,5.405405521392822,5.405405521392822,97.36841583251953,32376995840,8589930496,2792247296,0
4,1759360381528,9375.933181762695,3200,0,0.9125,9375.934753417969,3200,0,0.9125,4743.567108154297,2560,0,0.78125,4743.567108154297,3200,0,0.91875,10894.928939819336,3200,0,0.91875,10894.928939819336,3200,0,0.91875,8237.041122436523,1095,3557,3557,2943,3179,3502,1095,3280,2930,2848,1095,3557,78.94737243652344,18.421052932739258,10.526315689086914,5.555555820465088,5.263157844543457,5.263157844543457,2.702702760696411,8.108107566833496,2.702702760696411,5.405405521392822,5.405405521392822,97.36841583251953,32376995840,8589930496,2792247296,0
4,1759360381533,9375.942581176758,3200,0,0.9125,9375.942581176758,3200,0,0.9125,4743.569061279297,2560,0,0.78125,4743.569061279297,3200,0,0.91875,10894.943603515625,3200,0,0.91875,10894.943603515625,3200,0,0.91875,8237.099868774414,1095,3557,3557,2943,3179,3502,1095,3280,2930,2848,1095,3557,78.94737243652344,18.421052932739258,10.526315689086914,5.555555820465088,5.263157844543457,5.263157844543457,2.702702760696411,8.108107566833496,2.702702760696411,5.405405521392822,5.405405521392822,97.36841583251953,32376995840,8589930496,2792247296,0
4,1759360381538,9375.951309204102,3175,0,0.90625,9375.951309204102,3175,0,0.90625,4743.571014404297,3175,0,0.9125,4743.571014404297,3175,0,0.9125,10894.958053588867,3175,0,0.9125,10894.958053588867,3175,0,0.9125,8237.161087036133,1095,3557,3557,2943,3179,3502,1095,3280,2930,2848,1095,3557,78.94737243652344,18.421052932739258,10.526315689086914,5.555555820465088,5.263157844543457,5.263157844543457,2.702702760696411,8.108107566833496,2.702702760696411,5.405405521392822,5.405405521392822,97.36841583251953,32376995840,8589930496,2792247296,0
4,1759360381543,9375.959777832031,3175,0,0.90625,9375.959777832031,3175,0,0.90625,4743.573150634766,3175,0,0.91875,4743.573150634766,3175,0,0.91875,10894.972366333008,3175,0,0.9125,10894.972366333008,3175,0,0.9125,8237.218307495117,1095,3557,3557,2943,3179,3502,1095,3280,2930,2848,1095,3557,78.94737243652344,18.421052932739258,10.526315689086914,5.555555820465088,5.263157844543457,5.263157844543457,2.702702760696411,8.108107566833496,2.702702760696411,5.405405521392822,5.405405521392822,97.36841583251953,32376995840,8589930496,2792247296,0
4,1759360381548,9375.967544555664,3175,0,0.90625,9375.967544555664,3175,0,0.90625,4743.575042724609,3175,0,0.91875,4743.575042724609,3175,0,0.91875,10894.986679077148,3175,0,0.9125,10894.986679077148,3175,0,0.9125,8237.277954101563,1095,3557,3557,2943,3179,3502,1095,3280,2930,2848,1095,3557,78.94737243652344,18.421052932739258,10.526315689086914,5.555555820465088,5.263157844543457,5.263157844543457,2.702702760696411,8.108107566833496,2.702702760696411,5.405405521392822,5.405405521392822,97.36841583251953,32376995840,8589930496,2792247296,0
4,1759360381553,9375.974960327148,3150,0,0.9,9375.974960327148,3150,0,0.9,4743.575866699219,2520,0,0.775,4743.575866699219,2520,0,0.775,10895.000793457031,3150,0,0.90625,10895.000793457031,3150,0,0.90625,8237.339889526367,1095,3557,3557,2943,3179,3502,1095,3280,2930,2848,1095,3557,78.94737243652344,18.421052932739258,10.526315689086914,5.555555820465088,5.263157844543457,5.263157844543457,2.702702760696411,8.108107566833496,2.702702760696411,5.405405521392822,5.405405521392822,97.36841583251953,32376995840,8589930496,2792247296,0
4,1759360381559,9375.982559204102,3150,0,0.9,9375.982559204102,3150,0,0.9,4743.576568603516,2520,0,0.775,4743.576568603516,2520,0,0.775,10895.014831542969,3150,0,0.90625,10895.014831542969,3150,0,0.90625,8237.399642944336,1095,3557,3557,2943,3179,3502,1095,3280,2930,2848,1095,3557,78.94737243652344,18.421052932739258,10.526315689086914,5.555555820465088,5.263157844543457,5.263157844543457,2.702702760696411,8.108107566833496,2.702702760696411,5.405405521392822,5.405405521392822,97.36841583251953,32376995840,8589930496,2792247296,0
4,1759360381564,9375.99006652832,3150,0,0.9,9375.99006652832,3150,0,0.9,4743.5772705078125,2520,0,0.775,4743.5772705078125,2520,0,0.775,10895.028762817383,3150,0,0.90625,10895.03158569336,3150,0,0.90625,8237.470275878906,1095,3557,3557,2943,3179,3502,1095,3280,2930,2848,1095,3557,78.94737243652344,18.421052932739258,10.526315689086914,5.555555820465088,5.263157844543457,5.263157844543457,2.702702760696411,8.108107566833496,2.702702760696411,5.405405521392822,5.405405521392822,97.36841583251953,32376995840,8589930496,2792247296,0
4,1759360381569,9375.997528076172,3150,0,0.9,9375.997528076172,3150,0,0.9,4743.577972412109,2520,0,0.775,4743.577972412109,2520,0,0.775,10895.045639038086,3150,0,0.90625,10895.045639038086,3150,0,0.90625,8237.527923583984,1095,3557,3557,2943,3179,3502,1095,3280,2930,2848,1095,3557,78.94737243652344,18.421052932739258,10.526315689086914,5.555555820465088,5.263157844543457,5.263157844543457,2.702702760696411,8.108107566833496,2.702702760696411,5.405405521392822,5.405405521392822,97.36841583251953,32376995840,8589930496,2792247296,0
4,1759360381574,9376.00503540039,3175,0,0.9125,9376.00503540039,3175,0,0.9125,4743.578674316406,2540,0,0.78125,4743.578674316406,2540,0,0.78125,10895.059783935547,3175,0,0.9125,10895.059783935547,3175,0,0.9125,8237.585021972656,1095,3557,3557,2943,3179,3502,1095,3280,2930,2848,1095,3557,78.94737243652344,18.421052932739258,10.526315689086914,5.555555820465088,5.263157844543457,5.263157844543457,2.702702760696411,8.108107566833496,2.702702760696411,5.405405521392822,5.405405521392822,97.36841583251953,32376995840,8589930496,2792247296,0
4,1759360381579,9376.012741088867,3175,0,0.90625,9376.012741088867,3175,0,0.90625,4743.579376220703,2540,0,0.78125,4743.579498291016,2540,0,0.78125,10895.074127197266,3175,0,0.91875,10895.074127197266,3175,0,0.9125,8237.644180297852,1095,3557,3557,2943,3179,3502,1095,3280,2930,2848,1095,3557,78.94737243652344,18.421052932739258,10.526315689086914,5.555555820465088,5.263157844543457,5.263157844543457,2.702702760696411,8.108107566833496,2.702702760696411,5.405405521392822,5.405405521392822,97.36841583251953,32376995840,8589930496,2792247296,0
4,1759360381584,9376.02131652832,3175,0,0.90625,9376.02131652832,3175,0,0.90625,4743.5802001953125,2540,0,0.78125,4743.5802001953125,2520,0,0.78125,10895.08822631836,3150,0,0.90625,10895.08822631836,3150,0,0.90625,8237.703659057617,1095,3557,3557,2943,3179,3502,1095,3280,2930,2848,1095,3557,78.94737243652344,18.421052932739258,10.526315689086914,5.555555820465088,5.263157844543457,5.263157844543457,2.702702760696411,8.108107566833496,2.702702760696411,5.405405521392822,5.405405521392822,97.36841583251953,32376995840,8589930496,2792247296,0
4,1759360381589,9376.029846191406,3175,0,0.90625,9376.03140258789,3175,0,0.90625,4743.580902099609,2540,0,0.78125,4743.580902099609,2540,0,0.78125,10895.102493286133,3175,0,0.9125,10895.102493286133,3175,0,0.9125,8237.760864257813,1095,3557,3557,2943,3179,3502,1095,3280,2930,2848,1095,3557,78.94737243652344,18.421052932739258,10.526315689086914,5.555555820465088,5.263157844543457,5.263157844543457,2.702702760696411,8.108107566833496,2.702702760696411,5.405405521392822,5.405405521392822,97.36841583251953,32376995840,8589930496,2792247296,0
4,1759360381594,9376.038772583008,3150,0,0.9,9376.038772583008,3150,0,0.9,4743.582412719727,2520,0,0.775,4743.582412719727,2520,0,0.775,10895.116638183594,3150,0,0.90625,10895.116638183594,3150,0,0.90625,8237.823516845703,1095,3557,3557,2943,3179,3502,1095,3280,2930,2848,1095,3557,78.94737243652344,18.421052932739258,10.526315689086914,5.555555820465088,5.263157844543457,5.263157844543457,2.702702760696411,8.108107566833496,2.702702760696411,5.405405521392822,5.405405521392822,97.36841583251953,32376995840,8589930496,2792247296,0
4,1759360381599,9376.046463012695,3175,0,0.90625,9376.046463012695,3150,0,0.9,4743.583160400391,2520,0,0.775,4743.583160400391,2520,0,0.775,10895.130813598633,3150,0,0.90625,10895.130813598633,3150,0,0.90625,8237.880477905273,1095,3557,3557,2943,3179,3502,1095,3280,2930,2848,1095,3557,78.94737243652344,18.421052932739258,10.526315689086914,5.555555820465088,5.263157844543457,5.263157844543457,2.702702760696411,8.108107566833496,2.702702760696411,5.405405521392822,5.405405521392822,97.36841583251953,32376995840,8589930496,2792247296,0
4,1759360381604,9376.05419921875,3175,0,0.90625,9376.05419921875,3175,0,0.90625,4743.583923339844,2540,0,0.78125,4743.583923339844,2540,0,0.78125,10895.145080566406,3175,0,0.9125,10895.145080566406,3175,0,0.9125,8237.937408447266,1095,3557,3557,2943,3179,3502,1095,3280,2930,2848,1095,3557,78.94737243652344,18.421052932739258,10.526315689086914,5.555555820465088,5.263157844543457,5.263157844543457,2.702702760696411,8.108107566833496,2.702702760696411,5.405405521392822,5.405405521392822,97.36841583251953,32376995840,8589930496,2792247296,0
4,1759360381609,9376.061965942383,3200,0,0.9125,9376.061965942383,3200,0,0.9125,4743.584625244141,2560,0,0.78125,4743.584625244141,2560,0,0.78125,10895.159622192383,3200,0,0.91875,10895.159622192383,3200,0,0.91875,8237.994750976563,1095,3557,3557,2943,3179,3502,1095,3280,2930,2848,1095,3557,78.94737243652344,18.421052932739258,10.526315689086914,5.555555820465088,5.263157844543457,5.263157844543457,2.702702760696411,8.108107566833496,2.702702760696411,5.405405521392822,5.405405521392822,97.36841583251953,32376995840,8589930496,2792247296,0
4,1759360381615,9376.069869995117,3200,0,0.9125,9376.069869995117,3200,0,0.9125,4743.5853271484375,2560,0,0.78125,4743.5853271484375,2560,0,0.78125,10895.174346923828,3200,0,0.91875,10895.174346923828,3200,0,0.91875,8238.052627563477,1095,3557,3557,2943,3179,3502,1095,3280,2930,2848,1095,3557,78.94737243652344,18.421052932739258,10.526315689086914,5.555555820465088,5.263157844543457,5.263157844543457,2.702702760696411,8.108107566833496,2.702702760696411,5.405405521392822,5.405405521392822,97.36841583251953,32376995840,8589930496,2792247296,0
4,1759360381620,9376.077713012695,3200,0,0.9125,9376.077713012695,3200,0,0.9125,4743.586029052734,2560,0,0.78125,4743.586029052734,2560,0,0.78125,10895.189178466797,3200,0,0.91875,10895.189178466797,3200,0,0.91875,8238.111358642578,1095,3557,3557,2943,3179,3502,1095,3280,2930,2848,1095,3557,78.94737243652344,18.421052932739258,10.526315689086914,5.555555820465088,5.263157844543457,5.263157844543457,2.702702760696411,8.108107566833496,2.702702760696411,5.405405521392822,5.405405521392822,97.36841583251953,32376995840,8589930496,2792247296,0
4,1759360381625,9376.085647583008,3200,0,0.9125,9376.085647583008,3200,0,0.9125,4743.586730957031,2560,0,0.78125,4743.586730957031,2560,0,0.78125,10895.204010009766,3200,0,0.91875,10895.204010009766,3200,0,0.91875,8238.18374633789,1095,3557,3557,2943,3179,3502,1095,3280,2930,2848,1095,3557,78.94737243652344,18.421052932739258,10.526315689086914,5.555555820465088,5.263157844543457,5.263157844543457,2.702702760696411,8.108107566833496,2.702702760696411,5.405405521392822,5.405405521392822,97.36841583251953,32376995840,8589930496,2792247296,0
4,1759360381630,9376.094985961914,3200,0,0.9125,9376.094985961914,3200,0,0.9125,4743.587478637695,2560,0,0.78125,4743.587478637695,2560,0,0.78125,10895.218719482422,3200,0,0.91875,10895.221633911133,3200,0,0.91875,8238.24447631836,1095,3557,3557,2943,3179,3502,1095,3280,2930,2848,1095,3557,78.94737243652344,18.421052932739258,10.526315689086914,5.555555820465088,5.263157844543457,5.263157844543457,2.702702760696411,8.108107566833496,2.702702760696411,5.405405521392822,5.405405521392822,97.36841583251953,32376995840,8589930496,2792247296,0
4,1759360381635,9376.10319519043,3175,0,0.90625,9376.10319519043,3175,0,0.90625,4743.588363647461,2540,0,0.78125,4743.588363647461,2540,0,0.78125,10895.236053466797,3175,0,0.9125,10895.236053466797,3175,0,0.9125,8238.306533813477,1095,3557,3557,2943,3179,3502,1095,3280,2930,2848,1095,3557,100,0,5.555555820465088,15.000000953674316,10,0,85,0,0,0,100,0,32376995840,8589930496,2792247296,0
4,1759360381640,9376.111022949219,3175,0,0.90625,9376.111022949219,3175,0,0.90625,4743.589019775391,2540,0,0.78125,4743.589157104492,2540,0,0.78125,10895.250473022461,3175,0,0.9125,10895.250473022461,3175,0,0.9125,8238.365097045898,1095,3557,3557,2943,3179,3502,1095,3280,2930,2848,1095,3557,100,0,5.555555820465088,15.000000953674316,10,0,85,0,0,0,100,0,32376995840,8589930496,2792247296,0
4,1759360381645,9376.118713378906,3175,0,0.9125,9376.118713378906,3175,0,0.9125,4743.590148925781,2540,0,0.78125,4743.590148925781,2540,0,0.78125,10895.26481628418,3175,0,0.9125,10895.26481628418,3175,0,0.9125,8238.423797607422,1095,3557,3557,2943,3179,3502,1095,3280,2930,2848,1095,3557,100,0,5.555555820465088,15.000000953674316,10,0,85,0,0,0,100,0,32376995840,8589930496,2792247296,0
4,1759360381650,9376.126449584961,3175,0,0.90625,9376.127990722656,3175,0,0.90625,4743.590881347656,2540,0,0.7875,4743.590881347656,2540,0,0.78125,10895.279205322266,3175,0,0.9125,10895.279205322266,3175,0,0.9125,8238.482925415039,1095,3557,3557,2943,3179,3502,1095,3280,2930,2848,1095,3557,100,0,5.555555820465088,15.000000953674316,10,0,85,0,0,0,100,0,32376995840,8589930496,2792247296,0
4,1759360381655,9376.135635375977,3200,0,0.9125,9376.135635375977,3200,0,0.9125,4743.59162902832,2540,0,0.78125,4743.59162902832,2540,0,0.78125,10895.293563842773,3175,0,0.9125,10895.293563842773,3175,0,0.9125,8238.540924072266,1095,3557,3557,2943,3179,3502,1095,3280,2930,2848,1095,3557,100,0,5.555555820465088,15.000000953674316,10,0,85,0,0,0,100,0,32376995840,8589930496,2792247296,0
4,1759360381660,9376.143417358398,3200,0,0.9125,9376.143417358398,3200,0,0.9125,4743.592361450195,2560,0,0.78125,4743.592361450195,2560,0,0.78125,10895.308303833008,3200,0,0.91875,10895.308303833008,3200,0,0.91875,8238.599578857422,1095,3557,3557,2943,3179,3502,1095,3280,2930,2848,1095,3557,100,0,5.555555820465088,15.000000953674316,10,0,85,0,0,0,100,0,32376995840,8589930496,2792247296,0
4,1759360381665,9376.151153564453,3175,0,0.9125,9376.151153564453,3175,0,0.9125,4743.593597412109,3175,0,0.91875,4743.593597412109,3175,0,0.91875,10895.323028564453,3175,0,0.9125,10895.323028564453,3175,0,0.9125,8238.661727905273,1095,3557,3557,2943,3179,3502,1095,3280,2930,2848,1095,3557,100,0,5.555555820465088,15.000000953674316,10,0,85,0,0,0,100,0,32376995840,8589930496,2792247296,0
4,1759360381671,9376.15933227539,3175,0,0.90625,9376.15933227539,3175,0,0.90625,4743.594436645508,2540,0,0.78125,4743.594436645508,2540,0,0.78125,10895.337448120117,3175,0,0.9125,10895.337448120117,3175,0,0.9125,8238.72102355957,1095,3557,3557,2943,3179,3502,1095,3280,2930,2848,1095,3557,100,0,5.555555820465088,15.000000953674316,10,0,85,0,0,0,100,0,32376995840,8589930496,2792247296,0
4,1759360381676,9376.167510986328,3150,0,0.9,9376.167510986328,3150,0,0.9,4743.595230102539,2520,0,0.775,4743.595230102539,2520,0,0.775,10895.351638793945,3150,0,0.90625,10895.351638793945,3150,0,0.90625,8238.782348632813,1095,3557,3557,2943,3179,3502,1095,3280,2930,2848,1095,3557,100,0,5.555555820465088,15.000000953674316,10,0,85,0,0,0,100,0,32376995840,8589930496,2792247296,0
4,1759360381681,9376.175476074219,3150,0,0.9,9376.175476074219,3150,0,0.9,4743.595932006836,2520,0,0.775,4743.595932006836,2520,0,0.775,10895.365844726563,3150,0,0.90625,10895.365844726563,3150,0,0.90625,8238.841094970703,1095,3557,3557,2943,3179,3502,1095,3280,2930,2848,1095,3557,100,0,5.555555820465088,15.000000953674316,10,0,85,0,0,0,100,0,32376995840,8589930496,2792247296,0
4,1759360381686,9376.183151245117,3175,0,0.90625,9376.183151245117,3175,0,0.90625,4743.596633911133,2540,0,0.78125,4743.596633911133,2540,0,0.78125,10895.380081176758,3175,0,0.9125,10895.380081176758,3175,0,0.9125,8238.911224365234,1095,3557,3557,2943,3179,3502,1095,3280,2930,2848,1095,3557,100,0,5.555555820465088,15.000000953674316,10,0,85,0,0,0,100,0,32376995840,8589930496,2792247296,0
4,1759360381691,9376.19091796875,3175,0,0.90625,9376.19091796875,3175,0,0.90625,4743.59733581543,2540,0,0.78125,4743.59733581543,2540,0,0.78125,10895.394485473633,3175,0,0.9125,10895.397369384766,3175,0,0.9125,8238.970336914063,1095,3557,3557,2943,3179,3502,1095,3280,2930,2848,1095,3557,100,0,5.555555820465088,15.000000953674316,10,0,85,0,0,0,100,0,32376995840,8589930496,2792247296,0
4,1759360381696,9376.198654174805,3175,0,0.9125,9376.198654174805,3175,0,0.9125,4743.598129272461,2540,0,0.78125,4743.598129272461,2540,0,0.78125,10895.411758422852,3175,0,0.9125,10895.411758422852,3175,0,0.9125,8239.027969360352,1095,3557,3557,2943,3179,3502,1095,3280,2930,2848,1095,3557,100,0,5.555555820465088,15.000000953674316,10,0,85,0,0,0,100,0,32376995840,8589930496,2792247296,0
4,1759360381701,9376.206359863281,3200,0,0.9125,9376.206359863281,3200,0,0.9125,4743.598831176758,2560,0,0.78125,4743.59895324707,2560,0,0.78125,10895.426330566406,3200,0,0.91875,10895.426330566406,3175,0,0.9125,8239.087112426758,1095,3557,3557,2943,3179,3502,1095,3280,2930,2848,1095,3557,100,0,5.555555820465088,15.000000953674316,10,0,85,0,0,0,100,0,32376995840,8589930496,2792247296,0
4,1759360381706,9376.214126586914,3200,0,0.9125,9376.214126586914,3200,0,0.9125,4743.599655151367,2560,0,0.78125,4743.599655151367,2560,0,0.78125,10895.440948486328,3200,0,0.91875,10895.440948486328,3200,0,0.91875,8239.146057128906,1095,3557,3557,2943,3179,3502,1095,3280,2930,2848,1095,3557,100,0,5.555555820465088,15.000000953674316,10,0,85,0,0,0,100,0,32376995840,8589930496,2792247296,0
4,1759360381711,9376.221984863281,3200,0,0.9125,9376.223510742188,3200,0,0.9125,4743.600357055664,2560,0,0.78125,4743.600357055664,2540,0,0.78125,10895.45573425293,3175,0,0.9125,10895.45573425293,3175,0,0.9125,8239.205795288086,1095,3557,3557,2943,3179,3502,1095,3280,2930,2848,1095,3557,100,0,5.555555820465088,15.000000953674316,10,0,85,0,0,0,100,0,32376995840,8589930496,2792247296,0
4,1759360381716,9376.231979370117,3175,0,0.9125,9376.231979370117,3150,0,0.9125,4743.601058959961,2520,0,0.775,4743.601058959961,2520,0,0.775,10895.470199584961,3150,0,0.90625,10895.470199584961,3150,0,0.90625,8239.268814086914,1095,3557,3557,2943,3179,3502,1095,3280,2930,2848,1095,3557,100,0,5.555555820465088,15.000000953674316,10,0,85,0,0,0,100,0,32376995840,8589930496,2792247296,0
4,1759360381721,9376.24087524414,3175,0,0.90625,9376.24087524414,3175,0,0.90625,4743.601760864258,2540,0,0.78125,4743.601760864258,2540,0,0.78125,10895.48454284668,3175,0,0.9125,10895.48454284668,3175,0,0.9125,8239.32633972168,1095,3557,3557,2943,3179,3502,1095,3280,2930,2848,1095,3557,100,0,5.555555820465088,15.000000953674316,10,0,85,0,0,0,100,0,32376995840,8589930496,2792247296,0
4,1759360381727,9376.248611450195,3175,0,0.90625,9376.248611450195,3175,0,0.90625,4743.602462768555,2540,0,0.78125,4743.602462768555,2540,0,0.78125,10895.498931884766,3175,0,0.9125,10895.498931884766,3175,0,0.9125,8239.385803222656,1095,3557,3557,2943,3179,3502,1095,3280,2930,2848,1095,3557,100,0,5.555555820465088,15.000000953674316,10,0,85,0,0,0,100,0,32376995840,8589930496,2792247296,0
4,1759360381732,9376.25634765625,3175,0,0.90625,9376.25634765625,3175,0,0.90625,4743.603164672852,2540,0,0.78125,4743.603164672852,2540,0,0.78125,10895.513397216797,3175,0,0.9125,10895.513397216797,3175,0,0.9125,8239.443817138672,1095,3557,3557,2943,3179,3502,1095,3280,2930,2848,1095,3557,100,0,5.555555820465088,15.000000953674316,10,0,85,0,0,0,100,0,32376995840,8589930496,2792247296,0
4,1759360381737,9376.264129638672,3175,0,0.90625,9376.264129638672,3175,0,0.90625,4743.603866577148,2540,0,0.78125,4743.603866577148,2540,0,0.78125,10895.52798461914,3175,0,0.9125,10895.52798461914,3175,0,0.9125,8239.504150390625,1095,3557,3557,2943,3179,3502,1095,3280,2930,2848,1095,3557,100,0,5.555555820465088,15.000000953674316,10,0,85,0,0,0,100,0,32376995840,8589930496,2792247296,0
4,1759360381742,9376.27182006836,3175,0,0.90625,9376.27182006836,3175,0,0.90625,4743.604721069336,2540,0,0.78125,4743.604721069336,2540,0,0.78125,10895.542404174805,3175,0,0.9125,10895.542404174805,3175,0,0.9125,8239.564727783203,1095,3557,3557,2943,3179,3502,1095,3280,2930,2848,1095,3557,100,0,5.555555820465088,15.000000953674316,10,0,85,0,0,0,100,0,32376995840,8589930496,2792247296,0
4,1759360381747,9376.27944946289,3175,0,0.90625,9376.27944946289,3175,0,0.90625,4743.605545043945,2540,0,0.78125,4743.605545043945,2540,0,0.78125,10895.556854248047,3175,0,0.9125,10895.556854248047,3175,0,0.9125,8239.636474609375,1095,3557,3557,2943,3179,3502,1095,3280,2930,2848,1095,3557,100,0,5.555555820465088,15.000000953674316,10,0,85,0,0,0,100,0,32376995840,8589930496,2792247296,0
4,1759360381752,9376.287048339844,3175,0,0.90625,9376.287048339844,3175,0,0.90625,4743.606246948242,2540,0,0.78125,4743.606246948242,2540,0,0.78125,10895.574157714844,3175,0,0.9125,10895.574157714844,3175,0,0.9125,8239.695526123047,1095,3557,3557,2943,3179,3502,1095,3280,2930,2848,1095,3557,100,0,5.555555820465088,15.000000953674316,10,0,85,0,0,0,100,0,32376995840,8589930496,2792247296,0
4,1759360381757,9376.294509887695,3175,0,0.90625,9376.294509887695,3175,0,0.90625,4743.606964111328,2540,0,0.78125,4743.606964111328,2540,0,0.78125,10895.588577270508,3175,0,0.9125,10895.588577270508,3175,0,0.9125,8239.75619506836,1095,3557,3557,2943,3179,3502,1095,3280,2930,2848,1095,3557,100,0,5.555555820465088,15.000000953674316,10,0,85,0,0,0,100,0,32376995840,8589930496,2792247296,0
4,1759360381762,9376.303085327148,3150,0,0.9,9376.303085327148,3150,0,0.9,4743.607711791992,2520,0,0.775,4743.607833862305,2520,0,0.775,10895.602920532227,3150,0,0.90625,10895.602920532227,3150,0,0.90625,8239.816299438477,1095,3557,3557,2943,3179,3502,1095,3280,2930,2848,1095,3557,100,0,5.555555820465088,15.000000953674316,10,0,85,0,0,0,100,0,32376995840,8589930496,2792247296,0
4,1759360381767,9376.311920166016,3175,0,0.90625,9376.311920166016,3175,0,0.90625,4743.608535766602,2540,0,0.78125,4743.608535766602,2540,0,0.78125,10895.617309570313,3175,0,0.9125,10895.617309570313,3175,0,0.9125,8239.874160766602,1095,3557,3557,2943,3179,3502,1095,3280,2930,2848,1095,3557,100,0,5.555555820465088,15.000000953674316,10,0,85,0,0,0,100,0,32376995840,8589930496,2792247296,0
4,1759360381772,9376.319717407227,3200,0,0.9125,9376.321304321289,3200,0,0.9125,4743.611267089844,3200,0,0.91875,4743.611267089844,3200,0,0.91875,10895.62956237793,3200,0,0.91875,10895.62956237793,3200,0,0.91875,8239.931823730469,1095,3557,3557,2943,3179,3502,1095,3280,2930,2848,1095,3557,100,0,5.555555820465088,15.000000953674316,10,0,85,0,0,0,100,0,32376995840,8589930496,2792247296,0
4,1759360381778,9376.329223632813,3200,0,0.9125,9376.329223632813,3200,0,0.9125,4743.612167358398,2560,0,0.78125,4743.612167358398,2560,0,0.78125,10895.644271850586,3200,0,0.91875,10895.644271850586,3200,0,0.91875,8239.990798950195,1095,3557,3557,2943,3179,3502,1095,3280,2930,2848,1095,3557,100,0,5.555555820465088,15.000000953674316,10,0,85,0,0,0,100,0,32376995840,8589930496,2792247296,0
4,1759360381783,9376.337203979492,3200,0,0.9125,9376.337203979492,3200,0,0.9125,4743.612884521484,2560,0,0.78125,4743.612884521484,2560,0,0.78125,10895.659133911133,3200,0,0.91875,10895.659133911133,3200,0,0.91875,8240.050262451172,1095,3557,3557,2943,3179,3502,1095,3280,2930,2848,1095,3557,100,0,5.555555820465088,15.000000953674316,10,0,85,0,0,0,100,0,32376995840,8589930496,2792247296,0
4,1759360381788,9376.345123291016,3200,0,0.91875,9376.345123291016,3200,0,0.9125,4743.613586425781,2560,0,0.78125,4743.613586425781,2560,0,0.78125,10895.673965454102,3200,0,0.91875,10895.673965454102,3200,0,0.91875,8240.109375,1095,3557,3557,2943,3179,3502,1095,3280,2930,2848,1095,3557,100,0,5.555555820465088,15.000000953674316,10,0,85,0,0,0,100,0,32376995840,8589930496,2792247296,0
4,1759360381793,9376.352981567383,3200,0,0.9125,9376.352981567383,3200,0,0.9125,4743.614364624023,2560,0,0.78125,4743.614364624023,2560,0,0.78125,10895.688842773438,3200,0,0.91875,10895.688842773438,3200,0,0.91875,8240.168380737305,1095,3557,3557,2943,3179,3502,1095,3280,2930,2848,1095,3557,100,0,5.555555820465088,15.000000953674316,10,0,85,0,0,0,100,0,32376995840,8589930496,2792247296,0
4,1759360381798,9376.360534667969,3175,0,0.9125,9376.360534667969,3175,0,0.9125,4743.615081787109,2540,0,0.78125,4743.615081787109,2540,0,0.78125,10895.703659057617,3175,0,0.9125,10895.703659057617,3175,0,0.9125,8240.231552124023,1095,3557,3557,2943,3179,3502,1095,3280,2930,2848,1095,3557,100,0,5.555555820465088,15.000000953674316,10,0,85,0,0,0,100,0,32376995840,8589930496,2792247296,0
4,1759360381803,9376.368301391602,3175,0,0.90625,9376.368301391602,3175,0,0.90625,4743.615814208984,2540,0,0.78125,4743.615814208984,2540,0,0.78125,10895.718200683594,3175,0,0.9125,10895.718200683594,3175,0,0.9125,8240.291519165039,1095,3557,3557,2943,3179,3502,1095,3280,2930,2848,1095,3557,100,0,5.555555820465088,15.000000953674316,10,0,85,0,0,0,100,0,32376995840,8589930496,2792247296,0
4,1759360381808,9376.377227783203,3175,0,0.9125,9376.377227783203,3175,0,0.9125,4743.61653137207,2540,0,0.78125,4743.61653137207,2540,0,0.78125,10895.732513427734,3175,0,0.9125,10895.732513427734,3175,0,0.9125,8240.365219116211,1095,3557,3557,2943,3179,3502,1095,3280,2930,2848,1095,3557,100,0,5.555555820465088,15.000000953674316,10,0,85,0,0,0,100,0,32376995840,8589930496,2792247296,0
4,1759360381813,9376.385879516602,3175,0,0.90625,9376.385879516602,3175,0,0.90625,4743.617248535156,2540,0,0.78125,4743.617248535156,2540,0,0.78125,10895.749816894531,3175,0,0.9125,10895.749816894531,3175,0,0.9125,8240.423309326172,1095,3557,3557,2943,3179,3502,1095,3280,2930,2848,1095,3557,100,0,5.555555820465088,15.000000953674316,10,0,85,0,0,0,100,0,32376995840,8589930496,2792247296,0
4,1759360381818,9376.393615722656,3200,0,0.9125,9376.393615722656,3200,0,0.9125,4743.61799621582,2560,0,0.78125,4743.61799621582,2560,0,0.78125,10895.764282226563,3200,0,0.91875,10895.764282226563,3175,0,0.91875,8240.482131958008,1095,3557,3557,2943,3179,3502,1095,3280,2930,2848,1095,3557,100,0,5.555555820465088,15.000000953674316,10,0,85,0,0,0,100,0,32376995840,8589930496,2792247296,0
4,1759360381823,9376.401443481445,3200,0,0.9125,9376.401443481445,3200,0,0.9125,4743.618743896484,2560,0,0.78125,4743.618865966797,2560,0,0.78125,10895.778991699219,3175,0,0.91875,10895.778991699219,3175,0,0.9125,8240.541427612305,1095,3557,3557,2943,3179,3502,1095,3280,2930,2848,1095,3557,100,0,5.555555820465088,15.000000953674316,10,0,85,0,0,0,100,0,32376995840,8589930496,2792247296,0
4,1759360381828,9376.409317016602,3200,0,0.9125,9376.409317016602,3200,0,0.9125,4743.619613647461,2560,0,0.78125,4743.619613647461,2560,0,0.78125,10895.793670654297,3200,0,0.91875,10895.793670654297,3200,0,0.91875,8240.60043334961,1095,3557,3557,2943,3179,3502,1095,3280,2930,2848,1095,3557,100,0,5.555555820465088,15.000000953674316,10,0,85,0,0,0,100,0,32376995840,8589930496,2792247296,0
4,1759360381834,9376.41716003418,3200,0,0.9125,9376.418731689453,3200,0,0.9125,4743.620330810547,2560,0,0.78125,4743.620330810547,2560,0,0.78125,10895.808486938477,3200,0,0.91875,10895.808486938477,3200,0,0.91875,8240.660278320313,1095,3557,3557,2943,3179,3502,1095,3280,2930,2848,1095,3557,100,0,5.555555820465088,15.000000953674316,10,0,85,0,0,0,100,0,32376995840,8589930496,2792247296,0
4,1759360381839,9376.426208496094,3175,0,0.90625,9376.426208496094,3175,0,0.90625,4743.62109375,2540,0,0.78125,4743.62109375,2540,0,0.78125,10895.822998046875,3175,0,0.9125,10895.822998046875,3175,0,0.9125,8240.722274780273,1095,3557,3557,2943,3179,3502,1095,3280,2930,2848,1095,3557,100,0,20,0,0,0,100,0,0,0,100,0,32376995840,8589930496,2792247296,0
4,1759360381844,9376.433883666992,3200,0,0.9125,9376.433883666992,3175,0,0.90625,4743.622131347656,2540,0,0.78125,4743.622131347656,2540,0,0.78125,10895.837478637695,3175,0,0.9125,10895.837478637695,3175,0,0.9125,8240.780548095703,1095,3557,3557,2943,3179,3502,1095,3280,2930,2848,1095,3557,100,0,20,0,0,0,100,0,0,0,100,0,32376995840,8589930496,2792247296,0
4,1759360381849,9376.44174194336,3175,0,0.90625,9376.44174194336,3175,0,0.90625,4743.622863769531,2540,0,0.78125,4743.622863769531,2540,0,0.78125,10895.852127075195,3175,0,0.9125,10895.852127075195,3175,0,0.9125,8240.840637207031,1095,3557,3557,2943,3179,3502,1095,3280,2930,2848,1095,3557,100,0,20,0,0,0,100,0,0,0,100,0,32376995840,8589930496,2792247296,0
4,1759360381854,9376.450958251953,3175,0,0.90625,9376.450958251953,3175,0,0.90625,4743.623596191406,2540,0,0.78125,4743.623596191406,2540,0,0.78125,10895.866516113281,3175,0,0.9125,10895.866516113281,3175,0,0.9125,8240.901962280273,1095,3557,3557,2943,3179,3502,1095,3280,2930,2848,1095,3557,100,0,20,0,0,0,100,0,0,0,100,0,32376995840,8589930496,2792247296,0
4,1759360381859,9376.459182739258,3175,0,0.90625,9376.459182739258,3175,0,0.90625,4743.624313354492,2540,0,0.78125,4743.624313354492,2540,0,0.78125,10895.880981445313,3175,0,0.9125,10895.880981445313,3175,0,0.9125,8240.961471557617,1095,3557,3557,2943,3179,3502,1095,3280,2930,2848,1095,3557,100,0,20,0,0,0,100,0,0,0,100,0,32376995840,8589930496,2792247296,0
0,1759360381864,9376.466903686523,3200,0,0.9125,9376.466903686523,3200,0,0.9125,4743.625061035156,2560,0,0.78125,4743.625061035156,2560,0,0.78125,10895.890075683594,3200,0,0.91875,10895.890075683594,3200,0,0.91875,8241.018447875977,1095,3557,3557,2943,3179,3502,1095,3280,2930,2848,1095,3557,100,0,20,0,0,0,100,0,0,0,100,0,32376995840,8589930496,2792247296,0
